Activiti-Activiti-357660134-359342518:142-0.4166666666666667
aicis-fresco-330883035-330923179:144-0.0
aicis-fresco-335666803-335692003:145-1.0
aicis-fresco-363993941-363994940:146-0.5384615384615384
aicis-fresco-370467437-370477490:147-1.0
aicis-fresco-370628089-370634151:148-0.1
apache-incubator-servicecomb-java-chassis-330826674-331080091:153-0.42105263157894735
apache-incubator-servicecomb-java-chassis-371353019-371886679:154-0.2
cpesch-RouteConverter-331125693-331749933:158-0.9090909090909091
molgenis-molgenis-361210220-361993202:171-0.6
molgenis-molgenis-362517584-362989296:173-0.42857142857142855
molgenis-molgenis-369514407-370006117:175-0.5714285714285714
spring-projects-spring-data-jpa-341944401-342236799:184-1.0
spring-projects-spring-data-jpa-343344047-343370260:185-0.4
albfernandez-GDS-PMD-Security-Rules-451155169-455669767:194-0.5
apache-incubator-dubbo-450828157-450884276:195-0.0
apache-incubator-tamaya-457807119-461484371:196-0.13333333333333333
aws-aws-encryption-sdk-java-441438164-441901187:198-1.0
awslabs-amazon-kinesis-client-446289265-452166805:199-0.0
classgraph-classgraph-448207270-449613955:202-1.0
ctripcorp-apollo-444069339-444288772:205-0.25
danfickle-openhtmltopdf-445988164-446994292:206-0.0
FasterXML-jackson-dataformats-binary-461131167-461139756:211-0.38461538461538464
FasterXML-jackson-dataformats-text-430357777-445435582:212-0.2
hexagonframework-spring-data-ebean-375829425-451220180:213-1.0
INRIA-spoon-431373130-431373716:215-0.16071428571428573
INRIA-spoon-431601111-431664501:216-0.625
INRIA-spoon-453383968-453477713:217-0.75
INRIA-spoon-454678479-454678770:218-0.6
INRIA-spoon-455704942-455870305:219-0.36363636363636365
javadev-underscore-java-435386942-435396295:220-0.7777777777777778
jgrapht-jgrapht-443997242-444189432:222-1.0
julianps-modelmapper-module-vavr-441307573-461240331:223-0.2222222222222222
kmehrunes-valuestreams-438682914-439585987:224-0.7333333333333333
lettuce-io-lettuce-core-438538449-438808943:225-0.4
opentracing-contrib-java-p6spy-390188323-431527545:230-0.3888888888888889
org-tigris-jsapar-jsapar-451004011-451741055:231-0.5
paritytrading-foundation-364820616-448899327:232-1.0
rafonsecad-cash-count-435955189-435958219:234-0.5
rafonsecad-cash-count-435958219-435967865:235-0.6
rkonovalov-jsonignore-442009574-442015798:238-1.0
smallcreep-cucumber-seeds-442531821-442559338:240-0.18518518518518517
societe-generale-ci-droid-tasks-consumer-420388707-430936160:241-0.4
SonarOpenCommunity-sonar-cxx-437974912-438070185:242-0.44
SpoonLabs-gumtree-spoon-ast-diff-431628140-431912220:243-0.3103448275862069
square-javapoet-418963407-436938143:245-0.0
vitorenesduarte-VCD-java-client-437204853-437571024:249-0.4
vkostyukov-la4j-414793864-436911083:250-1.0
