FasterXML-jackson-databind-195752461-195777970:007-0.25
FasterXML-jackson-databind-215111320-215799347:012-0.041666666666666664
INRIA-spoon-191511078-191595944:031-0.5
INRIA-spoon-201940544-203101555:040-0.3333333333333333
INRIA-spoon-204567691-207361743:041-0.75
INRIA-spoon-239871875-239928671:062-0.4642857142857143
INRIA-spoon-270437105-270439051:079-1.0
INRIA-spoon-270439051-271649592:080-0.7142857142857143
traccar-traccar-207561899-207563891:103-1.0
traccar-traccar-265439859-265542197:123-1.0
2018swecapstone-h2ms-356638992-356666847:140-0.36363636363636365
2018swecapstone-h2ms-363210218-363627522:141-1.0
DmitriiSerikov-money-transfer-service-446104441-446106577:209-0.2222222222222222
INRIA-spoon-431601111-431664501:216-0.625
vkostyukov-la4j-414793864-436911083:250-1.0
